1114
1116
1123
1134
1149
1158
1167
1168
1189
1199
1222
1228
1233
1237
1246
1255
1259
1269
1277
1278
1279
1288
1299
1336
1337
1338
1345
1346
1347
1369
1378
1388
1389
1445
1447
1448
1455
1457
1466
1479
1489
1555
1556
1558
1566
1567
1589
1599
1668
1778
1888
2222
2223
2225
2226
2227
2229
2234
2235
2236
2238
2244
2245
2247
2248
2249
2256
2258
2266
2267
2269
2278
2279
2288
2289
2299
2333
2334
2335
2337
2339
2344
2346
2348
2355
2357
2358
2359
2366
2367
2368
2377
2379
2388
2389
2399
2445
2446
2447
2449
2455
2456
2458
2467
2468
2469
2477
2478
2489
2499
2555
2556
2557
2559
2566
2568
2577
2578
2579
2588
2599
2666
2667
2669
2678
2688
2689
2777
2779
2788
2799
2889
2999
3333
3334
3335
3336
3338
3339
3344
3345
3347
3349
3356
3357
3358
3366
3367
3368
3369
3377
3378
3389
3399
3446
3448
3449
3455
3457
3459
3466
3467
3468
3477
3478
3479
3488
3499
3555
3556
3558
3559
3567
3569
3577
3578
3588
3589
3666
3668
3677
3679
3688
3699
3778
3789
3888
3899
4445
4447
4448
4449
4456
4458
4466
4467
4469
4478
4488
4489
4555
4557
4559
4566
4568
4569
4577
4579
4588
4599
4667
4668
4669
4678
4679
4689
4777
4779
4788
4799
4888
4889
5556
5557
5558
5559
5567
5568
5569
5578
5579
5589
5666
5669
5677
5679
5688
5699
5777
5778
5789
5888
5889
5999
6669
6678
6688
6689
6699
6779
6788
6789
6799
6889
7778
7779
7889
7899
8888
8889
8999
9999
